6 42
0 9 5 NorthAmerica
0 85 110 Alaska
1 187 172 Alberta
2 219 354 C._America
3 298 287 E._United_States
4 466 72 Greenland
5 221 114 Northwest_Territorry
6 288 187 Ontario
7 384 182 Quebec
8 202 230 W._United_States
1 4 2 S._America
9 326 607 Argentina
10 417 484 Brazil
11 299 498 Peru
12 320 405 Venezuella
2 6 3 Africa
13 698 550 C._Africa
14 765 513 E._Africa
15 681 422 Egypt
16 812 645 Madagaskar
17 590 433 N._Africa
18 713 659 S._Africa
3 7 5 Europe
19 536 238 Great_Britain
20 551 146 Iceland
21 632 249 N._Europe
22 653 142 Scandinavia
23 666 304 S._Europe
24 774 205 Ukraine
25 571 298 W._Europe
4 12 7 Asia
26 884 272 Afghanistan
27 1044 329 China
28 945 399 India
29 1026 196 Irkustk
30 1182 271 Japan
31 1110 189 Kamchatka
32 761 343 Middle_East
33 1074 232 Mongolia
34 1063 412 Siam
35 956 141 Siberia
36 876 159 Ural
37 1068 130 Yakutsk
5 4 2 Australia
38 1112 626 E._Australia
39 1079 512 Indonesia
40 1210 527 New_Guinea
41 1046 652 W._Australia
0 1
0 5
0 31
1 5
1 6
1 8
2 3
2 8
2 12
3 8
3 6
3 7
4 5
4 6
4 7
4 20
5 6
6 7
6 8
9 10
9 11
10 11
10 12
10 17
11 12
13 14
13 17
13 18
14 15
14 16
14 17
14 18
14 32
15 17
15 23
15 32
16 18
17 23
17 25
19 20
19 21
19 22
19 25
21 22
21 23
21 24
21 25
22 24
23 24
23 25
23 32
24 26
24 32
24 36
26 27
26 28
26 32
26 33
26 35
26 36
27 28
27 33
27 34
27 35
28 32
28 34
29 31
29 33
29 35
29 37
30 27
30 31
30 33
31 33
31 37
33 35
34 39
35 36
35 37
38 39
38 40
38 41
39 40
39 41
40 41






